0 0.35859375 0.45390625 0.0078125 0.0140625
1 0.13125 0.67109375 0.0375 0.14140625
1 0.39140625 0.6265625 0.0390625 0.146875
1 0.875 0.3875 0.034375 0.10859375
1 0.3484375 0.40546875 0.028125 0.10546875
1 0.91328125 0.865625 0.0421875 0.153125
1 0.68984375 0.4390625 0.0359375 0.10546875
1 0.6296875 0.509375 0.03125 0.1140625
1 0.940625 0.4609375 0.03125 0.121875
1 0.88984375 0.67109375 0.0328125 0.1359375
1 0.54375 0.29609375 0.028125 0.09140625
1 0.97578125 0.471875 0.0296875 0.121875
1 0.7703125 0.32890625 0.028125 0.09140625