0 0.715625 0.49609375 0.009375 0.0140625
1 0.6578125 0.49140625 0.046875 0.121875
1 0.334375 0.6359375 0.04375 0.13359375
1 0.48203125 0.5 0.0453125 0.128125
1 0.684375 0.640625 0.04375 0.13046875
1 0.79375 0.6015625 0.053125 0.1140625
1 0.30390625 0.56953125 0.0421875 0.128125
1 0.40078125 0.403125 0.0359375 0.1109375
1 0.58203125 0.478125 0.0453125 0.10546875
1 0.73046875 0.434375 0.0578125 0.103125
1 0.5484375 0.4390625 0.040625 0.1109375
1 0.47265625 0.4015625 0.0453125 0.10859375
1 0.2984375 0.678125 0.0375 0.14453125