1 0.21015625 0.49453125 0.0515625 0.128125
1 0.71953125 0.528125 0.0328125 0.1390625
1 0.60078125 0.5359375 0.0390625 0.128125
1 0.6265625 0.44609375 0.0375 0.13046875
1 0.371875 0.43203125 0.05 0.1140625
1 0.57890625 0.4625 0.0453125 0.125
1 0.48515625 0.3875 0.0453125 0.11953125
1 0.51953125 0.37109375 0.0421875 0.11953125
1 0.2046875 0.4 0.0375 0.1109375
1 0.26328125 0.38359375 0.0328125 0.121875
1 0.60078125 0.7390625 0.0453125 0.15
1 0.1203125 0.3140625 0.040625 0.10546875
1 0.31953125 0.29453125 0.0359375 0.10546875