0 0.18125 0.48359375 0.009375 0.0109375
1 0.4015625 0.80390625 0.040625 0.15859375
1 0.7046875 0.6484375 0.034375 0.125
1 0.51328125 0.61796875 0.0328125 0.11953125
1 0.15625 0.465625 0.040625 0.10859375
1 0.47109375 0.528125 0.0328125 0.1109375
1 0.6984375 0.47890625 0.03125 0.1140625
1 0.62109375 0.534375 0.0296875 0.1140625
1 0.48359375 0.625 0.0328125 0.121875
1 0.94609375 0.54453125 0.0390625 0.128125
1 0.29140625 0.34140625 0.0359375 0.09453125
1 0.39921875 0.775 0.0328125 0.0609375
1 0.53359375 0.35390625 0.0296875 0.0859375
1 0.58515625 0.46953125 0.0296875 0.10546875
1 0.7703125 0.34609375 0.028125 0.096875
1 0.796875 0.4515625 0.028125 0.10859375