0 0.26171875 0.465625 0.0078125 0.0140625
1 0.4203125 0.4890625 0.034375 0.11640625
1 0.57890625 0.51640625 0.0328125 0.11640625
1 0.71328125 0.62890625 0.0328125 0.125
1 0.903125 0.5359375 0.034375 0.121875
1 0.22109375 0.43046875 0.0421875 0.1109375
1 0.54296875 0.44140625 0.0296875 0.10546875
1 0.51796875 0.62890625 0.0328125 0.125
1 0.68203125 0.44609375 0.0296875 0.10859375
1 0.75703125 0.43203125 0.0265625 0.10859375
1 0.33203125 0.80859375 0.0359375 0.1609375
1 0.63515625 0.4390625 0.0265625 0.1109375
1 0.24375 0.34140625 0.028125 0.09453125
1 0.66640625 0.2734375 0.0265625 0.096875
1 0.75 0.33203125 0.028125 0.09140625
1 0.4640625 0.3515625 0.028125 0.096875