1 0.23203125 0.784375 0.0453125 0.153125
1 0.25390625 0.4265625 0.0359375 0.1140625
1 0.71328125 0.609375 0.0359375 0.13046875
1 0.36953125 0.4515625 0.0390625 0.10859375
1 0.521875 0.49140625 0.040625 0.10546875
1 0.49609375 0.43359375 0.0296875 0.09453125
1 0.203125 0.33359375 0.028125 0.10546875
1 0.52265625 0.63359375 0.0359375 0.121875
1 0.8859375 0.5140625 0.0375 0.11640625
1 0.22890625 0.75859375 0.0328125 0.0609375
1 0.778125 0.39609375 0.03125 0.10859375
1 0.70703125 0.40390625 0.0296875 0.10859375
1 0.6 0.41953125 0.028125 0.1109375
1 0.6546875 0.4140625 0.03125 0.1109375
1 0.83515625 0.43359375 0.0296875 0.11640625
1 0.39375 0.34453125 0.025 0.1