0 0.3015625 0.503125 0.009375 0.01640625
1 0.18515625 0.74453125 0.0390625 0.15546875
1 0.678125 0.584375 0.05 0.1140625
1 0.2625 0.4375 0.03125 0.11953125
1 0.51796875 0.63046875 0.0453125 0.121875
1 0.315625 0.44609375 0.0375 0.1140625
1 0.87265625 0.4359375 0.0296875 0.11640625
1 0.47421875 0.5609375 0.0359375 0.1390625
1 0.94375 0.5109375 0.0375 0.128125
1 0.8015625 0.3875 0.028125 0.1140625
1 0.23046875 0.3265625 0.0265625 0.103125
1 0.67734375 0.396875 0.0328125 0.1109375
1 0.53984375 0.4390625 0.0296875 0.10546875
1 0.4109375 0.33046875 0.03125 0.0890625
1 0.60625 0.4109375 0.028125 0.10546875