0 0.44375 0.56640625 0.009375 0.01640625
1 0.1453125 0.74609375 0.046875 0.15859375
1 0.55078125 0.559375 0.0390625 0.1140625
1 0.534375 0.4640625 0.040625 0.10546875
1 0.31640625 0.45703125 0.0359375 0.125
1 0.246875 0.42890625 0.03125 0.11953125
1 0.47421875 0.60703125 0.0359375 0.11953125
1 0.6109375 0.4265625 0.03125 0.1140625
1 0.83046875 0.4 0.0328125 0.1109375
1 0.896875 0.4515625 0.034375 0.11953125
1 0.94453125 0.7 0.0328125 0.1390625
1 0.4359375 0.484375 0.040625 0.103125
1 0.2609375 0.33046875 0.028125 0.10546875
1 0.6890625 0.403125 0.03125 0.1109375
1 0.453125 0.3359375 0.03125 0.09453125