0 0.6453125 0.55859375 0.009375 0.01640625
1 0.60703125 0.834375 0.0484375 0.16953125
1 0.5390625 0.61640625 0.0375 0.1390625
1 0.334375 0.39296875 0.04375 0.1140625
1 0.4 0.5625 0.0375 0.14140625
1 0.32265625 0.69609375 0.0390625 0.146875
1 0.5703125 0.521875 0.034375 0.13359375
1 0.67265625 0.553125 0.0359375 0.121875
1 0.19765625 0.5109375 0.0484375 0.13359375
1 0.07578125 0.565625 0.0515625 0.13046875
1 0.11640625 0.5390625 0.0484375 0.1390625
1 0.23828125 0.409375 0.0359375 0.11953125
1 0.72578125 0.42890625 0.0578125 0.10859375