0 0.3875 0.2859375 0.009375 0.0109375
1 0.18515625 0.50703125 0.0421875 0.16953125
1 0.80390625 0.503125 0.0515625 0.171875
1 0.61015625 0.628125 0.0484375 0.18359375
1 0.109375 0.6515625 0.053125 0.1640625
1 0.27734375 0.57890625 0.0453125 0.15859375
1 0.428125 0.72890625 0.059375 0.16953125
1 0.46640625 0.41796875 0.0609375 0.09140625
1 0.33203125 0.8265625 0.0546875 0.196875
1 0.40546875 0.559375 0.0359375 0.1640625
1 0.434375 0.39140625 0.034375 0.13359375
1 0.3296875 0.79140625 0.034375 0.08359375