0 0.53046875 0.4015625 0.0078125 0.0140625
1 0.64140625 0.38203125 0.0484375 0.103125
1 0.51015625 0.465625 0.0515625 0.10859375
1 0.53984375 0.528125 0.0484375 0.10546875
1 0.315625 0.4625 0.034375 0.11953125
1 0.365625 0.54453125 0.05 0.10546875
1 0.13359375 0.77890625 0.0453125 0.13046875
1 0.378125 0.275 0.04375 0.1
1 0.12265625 0.59609375 0.0453125 0.11953125
1 0.08125 0.41640625 0.040625 0.10546875
1 0.15 0.4 0.05 0.10546875
1 0.2203125 0.378125 0.040625 0.11640625
1 0.1296875 0.7640625 0.03125 0.06640625
1 0.47421875 0.27890625 0.0328125 0.09140625