0 0.05078125 0.79453125 0.0109375 0.01640625
0 0.3140625 0.225 0.00625 0.0109375
1 0.7296875 0.478125 0.03125 0.11640625
1 0.32265625 0.4375 0.0359375 0.11953125
1 0.64453125 0.3109375 0.0328125 0.10546875
1 0.75703125 0.61640625 0.0390625 0.128125
1 0.79375 0.47890625 0.03125 0.1140625
1 0.4671875 0.47890625 0.034375 0.125
1 0.83203125 0.63203125 0.0328125 0.125
1 0.61015625 0.42109375 0.0328125 0.10859375
1 0.58359375 0.44609375 0.0296875 0.10859375
1 0.49765625 0.5515625 0.0359375 0.13046875
1 0.446875 0.33203125 0.03125 0.10859375
1 0.80546875 0.3265625 0.0265625 0.103125