0 0.05078125 0.79296875 0.0109375 0.01953125
0 0.30859375 0.4375 0.0078125 0.0140625
0 0.31328125 0.225 0.0078125 0.0109375
1 0.73515625 0.49296875 0.0359375 0.11953125
1 0.3015625 0.40390625 0.04375 0.10859375
1 0.80390625 0.490625 0.0359375 0.1140625
1 0.80546875 0.6375 0.0296875 0.125
1 0.42265625 0.55703125 0.0421875 0.1359375
1 0.465625 0.39140625 0.03125 0.11640625
1 0.75625 0.59609375 0.03125 0.11953125
1 0.36953125 0.40546875 0.0390625 0.10546875
1 0.6578125 0.32109375 0.028125 0.10859375
1 0.77890625 0.328125 0.0265625 0.10546875