1 0.7328125 0.15703125 0.053125 0.16953125
1 0.61796875 0.3609375 0.0453125 0.20546875
1 0.25 0.44296875 0.053125 0.2140625
1 0.77734375 0.60546875 0.0453125 0.228125
1 0.57578125 0.51953125 0.0515625 0.221875
1 0.665625 0.3515625 0.040625 0.2140625
1 0.4546875 0.296875 0.05 0.19453125
1 0.346875 0.3359375 0.040625 0.19453125
1 0.87578125 0.46640625 0.0546875 0.21640625
1 0.5453125 0.3765625 0.05 0.2140625
1 0.49296875 0.45390625 0.0484375 0.20859375
1 0.834375 0.46640625 0.046875 0.2109375
1 0.3171875 0.3515625 0.046875 0.203125