0 0.09609375 0.653125 0.0140625 0.028125
1 0.7390625 0.1609375 0.040625 0.178125
1 0.25 0.44140625 0.053125 0.21640625
1 0.57734375 0.5234375 0.0546875 0.225
1 0.54296875 0.378125 0.0546875 0.21640625
1 0.66328125 0.353125 0.0453125 0.2109375
1 0.8609375 0.46796875 0.046875 0.2140625
1 0.825 0.475 0.046875 0.20546875
1 0.45546875 0.29609375 0.0515625 0.196875
1 0.78125 0.60703125 0.053125 0.225
1 0.33515625 0.3359375 0.0515625 0.19453125
1 0.49375 0.45390625 0.05 0.20859375
1 0.60625 0.3515625 0.046875 0.203125