0 0.09609375 0.6515625 0.0140625 0.025
1 0.74296875 0.16640625 0.0421875 0.178125
1 0.25390625 0.44140625 0.0546875 0.21640625
1 0.578125 0.5265625 0.053125 0.225
1 0.34375 0.33046875 0.059375 0.18359375
1 0.54609375 0.378125 0.0515625 0.21640625
1 0.8140625 0.471875 0.0625 0.2109375
1 0.64609375 0.34296875 0.0546875 0.19140625
1 0.45 0.29453125 0.05 0.19453125
1 0.60234375 0.35 0.0515625 0.20546875
1 0.85390625 0.46640625 0.0421875 0.21640625
1 0.49296875 0.45390625 0.0484375 0.20859375
1 0.76953125 0.628125 0.0703125 0.221875