0 0.26328125 0.4625 0.0078125 0.0140625
0 0.71484375 0.875 0.0109375 0.021875
0 0.54375 0.859375 0.00625 0.0140625
0 0.5234375 0.9140625 0.009375 0.021875
1 0.71640625 0.86640625 0.0515625 0.15
1 0.53359375 0.8640625 0.0390625 0.15
1 0.77578125 0.5375 0.0390625 0.1140625
1 0.14609375 0.5515625 0.0515625 0.125
1 0.9109375 0.4984375 0.040625 0.10859375
1 0.29375 0.540625 0.034375 0.1140625
1 0.67734375 0.5515625 0.0390625 0.1140625
1 0.7359375 0.44296875 0.03125 0.103125
1 0.275 0.41640625 0.0375 0.1
1 0.721875 0.84296875 0.034375 0.06953125