0 0.4375 0.4234375 0.009375 0.0140625
0 0.54375 0.7765625 0.00625 0.0140625
1 0.5265625 0.8 0.053125 0.1609375
1 0.76328125 0.6140625 0.0578125 0.1390625
1 0.28203125 0.50859375 0.0421875 0.15
1 0.63984375 0.59453125 0.0515625 0.128125
1 0.03984375 0.7640625 0.0515625 0.1609375
1 0.7109375 0.4390625 0.034375 0.11640625
1 0.496875 0.45859375 0.04375 0.121875
1 0.31484375 0.3765625 0.0484375 0.11953125
1 0.46328125 0.434375 0.0421875 0.13046875
1 0.59296875 0.4875 0.0484375 0.1140625
1 0.35546875 0.390625 0.0296875 0.11953125