0 0.7015625 0.5609375 0.009375 0.01640625
1 0.3796875 0.61640625 0.046875 0.14453125
1 0.70625 0.7015625 0.040625 0.153125
1 0.48046875 0.4484375 0.0515625 0.1359375
1 0.371875 0.37890625 0.0375 0.1140625
1 0.4484375 0.4265625 0.046875 0.125
1 0.65625 0.478125 0.040625 0.14453125
1 0.034375 0.63359375 0.05 0.15546875
1 0.70390625 0.55390625 0.0359375 0.14140625
1 0.02890625 0.60703125 0.0328125 0.05859375
1 0.33984375 0.34609375 0.0328125 0.1140625
1 0.53203125 0.40859375 0.0515625 0.1109375
1 0.73984375 0.5359375 0.0359375 0.14453125