0 0.89921875 0.8359375 0.0109375 0.021875
0 0.50859375 0.365625 0.0078125 0.0140625
1 0.484375 0.75859375 0.04375 0.1609375
1 0.89765625 0.865625 0.0453125 0.18046875
1 0.303125 0.44609375 0.040625 0.125
1 0.44375 0.5390625 0.034375 0.13359375
1 0.15703125 0.4859375 0.0359375 0.1390625
1 0.18203125 0.6390625 0.0390625 0.15546875
1 0.69921875 0.4125 0.0484375 0.125
1 0.50390625 0.65390625 0.0421875 0.146875
1 0.390625 0.46953125 0.0375 0.1390625
1 0.103125 0.5609375 0.040625 0.15546875
1 0.453125 0.3859375 0.040625 0.1109375
1 0.75078125 0.70703125 0.0453125 0.153125