0 0.6390625 0.503125 0.009375 0.01640625
0 0.57109375 0.7625 0.0109375 0.025
1 0.3703125 0.8359375 0.046875 0.1890625
1 0.24296875 0.5484375 0.0484375 0.146875
1 0.71953125 0.9125 0.0578125 0.16953125
1 0.4046875 0.60859375 0.046875 0.15
1 0.48671875 0.68359375 0.0421875 0.16640625
1 0.36484375 0.4765625 0.0390625 0.153125
1 0.57421875 0.75 0.0359375 0.171875
1 0.4234375 0.41640625 0.040625 0.1390625
1 0.46328125 0.515625 0.0390625 0.153125
1 0.7078125 0.4484375 0.0375 0.146875
1 0.028125 0.58203125 0.053125 0.15859375
1 0.62265625 0.496875 0.0484375 0.15546875
1 0.20078125 0.43203125 0.0390625 0.125