0 0.41484375 0.57890625 0.0109375 0.0140625
0 0.69453125 0.63359375 0.0078125 0.021875
0 0.57421875 0.5734375 0.0078125 0.0140625
1 0.675 0.6109375 0.059375 0.128125
1 0.77109375 0.4859375 0.0515625 0.121875
1 0.38671875 0.5484375 0.0390625 0.11953125
1 0.50625 0.4109375 0.0375 0.11640625
1 0.625 0.4734375 0.040625 0.11953125
1 0.6671875 0.5984375 0.028125 0.0640625
1 0.72265625 0.428125 0.0421875 0.10546875
1 0.9078125 0.59140625 0.046875 0.128125
1 0.6375 0.33046875 0.040625 0.1
1 0.5609375 0.5640625 0.059375 0.09453125