0 0.5296875 0.459375 0.009375 0.0140625
0 0.159375 0.28046875 0.00625 0.0109375
1 0.784375 0.68046875 0.040625 0.13359375
1 0.16875 0.64453125 0.046875 0.121875
1 0.2640625 0.55390625 0.040625 0.11953125
1 0.56484375 0.50390625 0.0421875 0.103125
1 0.86953125 0.4609375 0.0328125 0.11640625
1 0.41796875 0.5109375 0.0359375 0.1109375
1 0.4734375 0.728125 0.046875 0.128125
1 0.66640625 0.48046875 0.0390625 0.1
1 0.51640625 0.409375 0.0328125 0.096875
1 0.08984375 0.37890625 0.0359375 0.10859375
1 0.32734375 0.44296875 0.0390625 0.096875
1 0.746875 0.2875 0.03125 0.0859375
1 0.46328125 0.55390625 0.0390625 0.125
1 0.5109375 0.3015625 0.034375 0.0859375