0 0.475 0.4359375 0.00625 0.0109375
1 0.4734375 0.74609375 0.05 0.13046875
1 0.73125 0.628125 0.0375 0.121875
1 0.640625 0.490625 0.040625 0.10859375
1 0.05625 0.68203125 0.05 0.13046875
1 0.50390625 0.459375 0.0390625 0.096875
1 0.40703125 0.55546875 0.0359375 0.121875
1 0.12578125 0.57109375 0.0359375 0.125
1 0.44609375 0.3015625 0.0359375 0.0859375
1 0.73671875 0.45 0.0421875 0.10546875
1 0.4625 0.409375 0.0375 0.096875
1 0.20390625 0.428125 0.0359375 0.1
1 0.2796875 0.5125 0.034375 0.10859375
1 0.6140625 0.3015625 0.03125 0.0859375