0 0.453125 0.4375 0.00625 0.0140625
0 0.365625 0.321875 0.00625 0.0109375
1 0.3453125 0.56796875 0.040625 0.125
1 0.48125 0.746875 0.05 0.1390625
1 0.15625 0.54296875 0.0375 0.1140625
1 0.18125 0.46953125 0.0375 0.10546875
1 0.11328125 0.45 0.0515625 0.10546875
1 0.37734375 0.3140625 0.0390625 0.0890625
1 0.44453125 0.434375 0.0359375 0.096875
1 0.51015625 0.34140625 0.0390625 0.08359375
1 0.63125 0.49296875 0.05 0.10859375
1 0.678125 0.59140625 0.0375 0.11640625
1 0.65625 0.45703125 0.034375 0.103125
1 0.41484375 0.40703125 0.0390625 0.103125