0 0.36953125 0.39609375 0.0078125 0.0140625
0 0.34765625 0.375 0.0046875 0.0109375
1 0.45703125 0.56953125 0.0359375 0.14453125
1 0.61015625 0.415625 0.0328125 0.11953125
1 0.10859375 0.44140625 0.0484375 0.121875
1 0.56484375 0.403125 0.0390625 0.1109375
1 0.03671875 0.6 0.0484375 0.1390625
1 0.7140625 0.6640625 0.046875 0.1390625
1 0.921875 0.35703125 0.034375 0.1140625
1 0.44296875 0.375 0.0359375 0.11640625
1 0.15390625 0.425 0.0359375 0.121875
1 0.359375 0.359375 0.0375 0.1140625
1 0.68984375 0.53046875 0.0484375 0.128125