0 0.4015625 0.3984375 0.00625 0.0140625
0 0.14765625 0.603125 0.0078125 0.0109375
1 0.55234375 0.509375 0.0359375 0.1359375
1 0.13671875 0.55859375 0.0421875 0.13359375
1 0.44140625 0.36953125 0.0421875 0.1
1 0.825 0.60546875 0.046875 0.128125
1 0.52734375 0.34453125 0.0421875 0.10546875
1 0.7453125 0.509375 0.0375 0.13046875
1 0.92421875 0.359375 0.0328125 0.1140625
1 0.20546875 0.40859375 0.0328125 0.121875
1 0.38828125 0.36640625 0.0421875 0.13359375
1 0.23515625 0.38359375 0.0328125 0.11640625
1 0.59296875 0.378125 0.0328125 0.11640625