0 0.49609375 0.459375 0.0078125 0.0140625
1 0.36171875 0.6390625 0.0671875 0.128125
1 0.87421875 0.75546875 0.0359375 0.078125
1 0.44765625 0.39453125 0.0453125 0.1109375
1 0.87890625 0.775 0.0609375 0.15546875
1 0.23984375 0.409375 0.0328125 0.1140625
1 0.74609375 0.459375 0.0453125 0.1140625
1 0.640625 0.43203125 0.034375 0.1140625
1 0.1484375 0.54140625 0.034375 0.13359375
1 0.89296875 0.33046875 0.0359375 0.1109375
1 0.8 0.4390625 0.040625 0.121875
1 0.68046875 0.35546875 0.0390625 0.10546875
1 0.525 0.428125 0.04375 0.1109375