1 0.3265625 0.4890625 0.05625 0.11640625
1 0.609375 0.35703125 0.040625 0.1140625
1 0.74609375 0.3640625 0.0359375 0.11640625
1 0.696875 0.4375 0.0375 0.11953125
1 0.52734375 0.4765625 0.0453125 0.1359375
1 0.63515625 0.55703125 0.0390625 0.146875
1 0.2234375 0.33359375 0.04375 0.13359375
1 0.66875 0.32890625 0.0375 0.103125
1 0.65390625 0.446875 0.0421875 0.11640625
1 0.44765625 0.55859375 0.0421875 0.128125
1 0.4828125 0.43203125 0.0375 0.11953125
1 0.94609375 0.684375 0.0453125 0.1640625
1 0.58203125 0.51953125 0.0484375 0.11640625