0 0.34375 0.3609375 0.009375 0.01640625
1 0.33671875 0.54609375 0.0484375 0.1359375
1 0.92109375 0.70703125 0.0484375 0.146875
1 0.64453125 0.478125 0.0328125 0.14453125
1 0.75 0.346875 0.046875 0.11640625
1 0.48984375 0.49453125 0.0328125 0.121875
1 0.771875 0.475 0.034375 0.128125
1 0.71015625 0.4890625 0.0359375 0.13359375
1 0.7078125 0.375 0.034375 0.128125
1 0.871875 0.38359375 0.0375 0.128125
1 0.55703125 0.45390625 0.0453125 0.1359375
1 0.75546875 0.58046875 0.0484375 0.1390625
1 0.50625 0.5765625 0.040625 0.14140625
1 0.58203125 0.44609375 0.0328125 0.1359375