1 0.44140625 0.490625 0.0421875 0.14140625
1 0.38984375 0.5109375 0.0359375 0.14453125
1 0.625 0.553125 0.040625 0.13359375
1 0.10703125 0.3765625 0.0484375 0.1140625
1 0.31484375 0.46640625 0.0359375 0.14453125
1 0.2140625 0.459375 0.034375 0.1359375
1 0.5375 0.58203125 0.034375 0.14140625
1 0.48828125 0.39609375 0.0359375 0.1359375
1 0.05234375 0.484375 0.0484375 0.125
1 0.1921875 0.6640625 0.046875 0.15546875
1 0.271875 0.41796875 0.040625 0.1640625
1 0.56953125 0.43203125 0.0390625 0.1359375