0 0.52734375 0.3234375 0.0078125 0.0140625
0 0.98671875 0.56796875 0.0078125 0.0140625
1 0.703125 0.72890625 0.04375 0.15859375
1 0.65859375 0.475 0.0359375 0.128125
1 0.23828125 0.6875 0.0390625 0.146875
1 0.29375 0.5859375 0.034375 0.1390625
1 0.35 0.36953125 0.0375 0.1109375
1 0.97421875 0.528125 0.0421875 0.128125
1 0.3828125 0.353125 0.034375 0.10546875
1 0.42421875 0.30859375 0.0328125 0.09453125
1 0.5828125 0.49453125 0.0375 0.121875
1 0.603125 0.2875 0.03125 0.09140625
1 0.7515625 0.33046875 0.03125 0.1