0 0.50546875 0.29140625 0.0078125 0.0109375
0 0.51640625 0.6265625 0.0078125 0.01953125
0 0.709375 0.9859375 0.03125 0.021875
1 0.3359375 0.509375 0.034375 0.13046875
1 0.50625 0.58203125 0.040625 0.1359375
1 0.8140625 0.465625 0.040625 0.13046875
1 0.95625 0.7375 0.040625 0.1640625
1 0.9546875 0.72109375 0.034375 0.0859375
1 0.496875 0.32890625 0.046875 0.096875
1 0.98046875 0.39453125 0.0328125 0.1109375
1 0.4171875 0.64140625 0.04375 0.14453125
1 0.46484375 0.353125 0.0328125 0.1109375
1 0.73828125 0.478125 0.0359375 0.11640625