0 0.39453125 0.34296875 0.0078125 0.0140625
0 0.69453125 0.646875 0.0078125 0.021875
0 0.4265625 0.54609375 0.009375 0.01953125
0 0.66796875 0.6484375 0.0078125 0.0140625
0 0.44453125 0.35703125 0.0046875 0.01953125
1 0.4140625 0.5109375 0.046875 0.1390625
1 0.68203125 0.59453125 0.0453125 0.15
1 0.43671875 0.3234375 0.0359375 0.1140625
1 0.5625 0.365625 0.040625 0.125
1 0.2921875 0.32890625 0.053125 0.1140625
1 0.65078125 0.665625 0.0484375 0.15859375
1 0.93359375 0.46640625 0.0421875 0.1390625
1 0.8796875 0.47890625 0.0375 0.13046875