0 0.30546875 0.52109375 0.0109375 0.01953125
0 0.10234375 0.80390625 0.0078125 0.0140625
1 0.47734375 0.5265625 0.0390625 0.13046875
1 0.353125 0.40703125 0.046875 0.14140625
1 0.90625 0.459375 0.040625 0.1359375
1 0.11953125 0.71953125 0.0328125 0.0609375
1 0.359375 0.5640625 0.040625 0.1390625
1 0.11640625 0.7484375 0.0484375 0.1640625
1 0.68203125 0.4984375 0.0453125 0.1359375
1 0.68203125 0.6390625 0.0421875 0.1390625
1 0.28984375 0.390625 0.0328125 0.1140625
1 0.09375 0.41640625 0.034375 0.13359375
1 0.63828125 0.4765625 0.0484375 0.11953125
1 0.48671875 0.340625 0.0328125 0.10859375