0 0.45859375 0.5859375 0.0078125 0.01640625
0 0.203125 0.7375 0.009375 0.0140625
0 0.15546875 0.803125 0.0078125 0.01640625
1 0.18046875 0.75546875 0.0640625 0.15546875
1 0.6703125 0.67109375 0.065625 0.13046875
1 0.21796875 0.3875 0.0390625 0.10859375
1 0.7828125 0.465625 0.04375 0.1359375
1 0.471875 0.54609375 0.040625 0.125
1 0.3484375 0.4015625 0.034375 0.1140625
1 0.40703125 0.40859375 0.0421875 0.11640625
1 0.234375 0.5234375 0.0375 0.13046875
1 0.61484375 0.52109375 0.0390625 0.1359375
1 0.0953125 0.425 0.034375 0.13359375
1 0.33125 0.5265625 0.0375 0.11953125
1 0.63671875 0.58359375 0.0484375 0.13359375
1 0.5234375 0.4984375 0.04375 0.153125