0 0.24921875 0.75546875 0.0109375 0.021875
0 0.57734375 0.6265625 0.0140625 0.0140625
1 0.265625 0.73046875 0.053125 0.15
1 0.5671875 0.546875 0.053125 0.121875
1 0.73203125 0.6609375 0.0390625 0.13359375
1 0.63671875 0.59609375 0.0421875 0.125
1 0.60546875 0.459375 0.0453125 0.125
1 0.275 0.54296875 0.034375 0.1359375
1 0.36953125 0.57890625 0.0484375 0.125
1 0.44765625 0.453125 0.0390625 0.121875
1 0.17265625 0.57890625 0.0421875 0.13046875
1 0.13671875 0.534375 0.0359375 0.146875
1 0.10078125 0.3859375 0.0390625 0.10546875
1 0.40078125 0.403125 0.0390625 0.10546875