0 0.728125 0.6359375 0.009375 0.01640625
1 0.52734375 0.546875 0.0546875 0.13359375
1 0.45703125 0.46953125 0.0515625 0.121875
1 0.615625 0.6140625 0.05 0.13359375
1 0.35859375 0.4875 0.0421875 0.11953125
1 0.11640625 0.4375 0.0421875 0.1140625
1 0.28046875 0.75 0.0421875 0.15546875
1 0.10390625 0.60546875 0.0421875 0.15
1 0.07890625 0.365625 0.0390625 0.10859375
1 0.70234375 0.6265625 0.0421875 0.125
1 0.80546875 0.478125 0.0421875 0.11640625
1 0.05546875 0.615625 0.0453125 0.1359375
1 0.31796875 0.42890625 0.0484375 0.103125