0 0.16015625 0.31953125 0.0109375 0.021875
1 0.56953125 0.51953125 0.0421875 0.1390625
1 0.65234375 0.4109375 0.0328125 0.11640625
1 0.2421875 0.496875 0.04375 0.1390625
1 0.7078125 0.5625 0.0375 0.14140625
1 0.90234375 0.40859375 0.0390625 0.121875
1 0.94609375 0.50703125 0.0390625 0.146875
1 0.63125 0.30859375 0.034375 0.10546875
1 0.15859375 0.3765625 0.0328125 0.10859375
1 0.42890625 0.41640625 0.0328125 0.121875
1 0.809375 0.43359375 0.034375 0.1390625
1 0.5015625 0.3484375 0.04375 0.103125