0 0.1765625 0.3140625 0.009375 0.0109375
0 0.48359375 0.70546875 0.0078125 0.01640625
1 0.4671875 0.659375 0.053125 0.1359375
1 0.15625 0.396875 0.046875 0.11640625
1 0.76328125 0.4890625 0.0390625 0.128125
1 0.5828125 0.44296875 0.046875 0.1140625
1 0.70625 0.44609375 0.034375 0.1140625
1 0.934375 0.396875 0.040625 0.121875
1 0.3359375 0.359375 0.0375 0.10859375
1 0.46640625 0.38359375 0.0421875 0.10546875
1 0.40625 0.61953125 0.05625 0.13359375
1 0.49375 0.284375 0.04375 0.09140625
1 0.109375 0.309375 0.0375 0.103125
1 0.546875 0.3390625 0.04375 0.09453125
1 0.64140625 0.384375 0.0359375 0.11953125