0 0.43515625 0.309375 0.0078125 0.0140625
0 0.078125 0.54609375 0.00625 0.00859375
1 0.76796875 0.6640625 0.0390625 0.15
1 0.43828125 0.4625 0.0359375 0.11953125
1 0.49765625 0.63046875 0.0421875 0.14453125
1 0.0640625 0.56953125 0.04375 0.1390625
1 0.71796875 0.434375 0.0328125 0.13046875
1 0.78203125 0.3390625 0.0328125 0.11640625
1 0.24609375 0.30546875 0.0359375 0.1109375
1 0.5734375 0.4125 0.03125 0.11953125
1 0.14921875 0.4109375 0.0359375 0.128125
1 0.78046875 0.44453125 0.0359375 0.128125
1 0.3984375 0.30390625 0.040625 0.09140625