0 0.47734375 0.34140625 0.0140625 0.01640625
1 0.96328125 0.7375 0.0578125 0.15859375
1 0.19765625 0.5765625 0.0390625 0.13046875
1 0.8203125 0.509375 0.053125 0.11953125
1 0.92578125 0.453125 0.0515625 0.11640625
1 0.48984375 0.30859375 0.0390625 0.10546875
1 0.86015625 0.4734375 0.0390625 0.11953125
1 0.77734375 0.35859375 0.0390625 0.10546875
1 0.403125 0.328125 0.034375 0.10546875
1 0.56953125 0.3234375 0.0296875 0.10859375
1 0.23671875 0.49140625 0.0515625 0.121875
1 0.440625 0.34453125 0.03125 0.10546875