0 0.6890625 0.63046875 0.009375 0.01640625
0 0.37578125 0.8109375 0.0109375 0.021875
1 0.359375 0.75390625 0.053125 0.153125
1 0.74140625 0.63203125 0.0359375 0.125
1 0.41875 0.59296875 0.034375 0.1359375
1 0.55234375 0.48359375 0.0421875 0.11640625
1 0.6234375 0.403125 0.034375 0.128125
1 0.70234375 0.3140625 0.0359375 0.10546875
1 0.9625 0.8359375 0.06875 0.15546875
1 0.36015625 0.73359375 0.0359375 0.078125
1 0.80546875 0.5609375 0.0453125 0.11640625
1 0.16796875 0.34140625 0.0390625 0.11640625
1 0.82109375 0.253125 0.0359375 0.1
1 0.834375 0.428125 0.046875 0.121875