0 0.621875 0.646875 0.009375 0.01640625
1 0.71015625 0.75546875 0.0671875 0.1390625
1 0.6546875 0.609375 0.059375 0.13046875
1 0.234375 0.70546875 0.05625 0.15
1 0.3390625 0.5609375 0.046875 0.10546875
1 0.8171875 0.4015625 0.04375 0.1140625
1 0.81640625 0.5515625 0.0515625 0.125
1 0.63828125 0.38359375 0.0359375 0.121875
1 0.71171875 0.29296875 0.0328125 0.10859375
1 0.59140625 0.54296875 0.0453125 0.13046875
1 0.82109375 0.875 0.0453125 0.15546875
1 0.91875 0.6125 0.046875 0.146875
1 0.5265625 0.49140625 0.053125 0.128125