0 0.46015625 0.6734375 0.0140625 0.01953125
1 0.46640625 0.478125 0.0578125 0.11640625
1 0.51328125 0.690625 0.0546875 0.14140625
1 0.58984375 0.56953125 0.0359375 0.13359375
1 0.31171875 0.571875 0.0453125 0.14453125
1 0.6734375 0.359375 0.0375 0.11953125
1 0.76328125 0.56796875 0.0421875 0.14140625
1 0.4390625 0.559375 0.05625 0.11953125
1 0.3765625 0.5765625 0.046875 0.13046875
1 0.3359375 0.3109375 0.04375 0.1109375
1 0.7875 0.27890625 0.034375 0.10859375
1 0.81171875 0.3625 0.0359375 0.1140625
1 0.82265625 0.56953125 0.0453125 0.1390625
1 0.36953125 0.68046875 0.0359375 0.14453125
1 0.9171875 0.246875 0.0375 0.10546875
1 0.640625 0.45546875 0.040625 0.11640625