0 0.465625 0.3375 0.009375 0.0140625
1 0.41640625 0.77109375 0.0421875 0.16953125
1 0.44140625 0.49140625 0.0421875 0.128125
1 0.28828125 0.54296875 0.0390625 0.14140625
1 0.74375 0.65546875 0.040625 0.15546875
1 0.93046875 0.390625 0.0453125 0.125
1 0.384375 0.6609375 0.04375 0.15
1 0.49609375 0.5234375 0.0359375 0.146875
1 0.34140625 0.5765625 0.0484375 0.14140625
1 0.5625 0.59453125 0.04375 0.1390625
1 0.5953125 0.3890625 0.04375 0.14453125
1 0.73984375 0.3265625 0.0421875 0.10859375
1 0.69140625 0.571875 0.0421875 0.14453125
1 0.34453125 0.371875 0.0640625 0.1
1 0.609375 0.5515625 0.04375 0.146875