0 0.47734375 0.33359375 0.0078125 0.0109375
0 0.4671875 0.8859375 0.009375 0.021875
1 0.48515625 0.82109375 0.0578125 0.18046875
1 0.67890625 0.559375 0.0484375 0.1640625
1 0.33125 0.590625 0.04375 0.1640625
1 0.43828125 0.67890625 0.0515625 0.153125
1 0.78515625 0.59609375 0.0359375 0.15859375
1 0.54765625 0.6390625 0.0359375 0.15546875
1 0.4234375 0.47109375 0.0375 0.125
1 0.82734375 0.690625 0.0484375 0.1640625
1 0.64765625 0.3234375 0.0296875 0.11953125
1 0.93984375 0.40390625 0.0359375 0.1359375
1 0.39921875 0.5984375 0.0390625 0.15859375
1 0.63046875 0.50546875 0.0359375 0.1390625