0 0.7140625 0.621875 0.009375 0.01640625
1 0.0453125 0.85546875 0.053125 0.16640625
1 0.73671875 0.58046875 0.0515625 0.1390625
1 0.5703125 0.4625 0.04375 0.1140625
1 0.31484375 0.63046875 0.0359375 0.13359375
1 0.0421875 0.82109375 0.034375 0.05859375
1 0.83828125 0.43046875 0.0328125 0.1109375
1 0.18984375 0.4640625 0.0390625 0.121875
1 0.31953125 0.484375 0.0421875 0.125
1 0.29609375 0.3625 0.0453125 0.10859375
1 0.77734375 0.571875 0.0390625 0.121875
1 0.521875 0.41796875 0.03125 0.1140625
1 0.9546875 0.32890625 0.034375 0.1140625
1 0.6078125 0.25703125 0.03125 0.096875
1 0.36953125 0.271875 0.0328125 0.10546875
1 0.54140625 0.315625 0.0328125 0.096875