0 0.68046875 0.65 0.0109375 0.01640625
1 0.38671875 0.51953125 0.0515625 0.1109375
1 0.43828125 0.64609375 0.0453125 0.11953125
1 0.49921875 0.4 0.0390625 0.1
1 0.13046875 0.83203125 0.0578125 0.15859375
1 0.79921875 0.59453125 0.0359375 0.128125
1 0.6640625 0.55 0.0375 0.128125
1 0.12578125 0.80703125 0.0359375 0.075
1 0.7 0.609375 0.046875 0.1359375
1 0.5796875 0.50703125 0.0375 0.11953125
1 0.71640625 0.478125 0.0359375 0.11640625
1 0.5859375 0.30859375 0.028125 0.10546875
1 0.7203125 0.371875 0.03125 0.10546875