0 0.3203125 0.65546875 0.0125 0.01640625
1 0.41484375 0.55703125 0.0546875 0.10859375
1 0.57578125 0.6765625 0.0484375 0.125
1 0.6140625 0.4390625 0.040625 0.1109375
1 0.740625 0.34453125 0.046875 0.1
1 0.8578125 0.43203125 0.046875 0.10859375
1 0.6734375 0.38046875 0.046875 0.1
1 0.7953125 0.540625 0.0375 0.11953125
1 0.14921875 0.73046875 0.0328125 0.06640625
1 0.71875 0.63046875 0.034375 0.14453125
1 0.85625 0.60703125 0.046875 0.11953125
1 0.6890625 0.62109375 0.04375 0.13046875
1 0.15390625 0.74609375 0.0578125 0.13046875