0 0.18515625 0.665625 0.0109375 0.01953125
1 0.69296875 0.6125 0.0484375 0.13046875
1 0.33046875 0.5765625 0.0609375 0.11953125
1 0.83203125 0.65 0.0390625 0.15
1 0.6484375 0.6609375 0.040625 0.14453125
1 0.14453125 0.6640625 0.0484375 0.1390625
1 0.65234375 0.42890625 0.0421875 0.10859375
1 0.15 0.64609375 0.034375 0.0640625
1 0.43125 0.3125 0.040625 0.103125
1 0.90703125 0.2890625 0.0453125 0.1
1 0.94140625 0.46796875 0.0546875 0.1140625
1 0.80078125 0.35703125 0.0296875 0.10859375
1 0.7328125 0.3890625 0.046875 0.1109375
1 0.93671875 0.6265625 0.0484375 0.1359375