0 0.540625 0.503125 0.009375 0.01640625
0 0.39375 0.80546875 0.015625 0.021875
1 0.4234375 0.515625 0.053125 0.1359375
1 0.54921875 0.46640625 0.0515625 0.11640625
1 0.390625 0.79296875 0.05 0.1640625
1 0.8078125 0.38046875 0.034375 0.128125
1 0.81015625 0.690625 0.0390625 0.153125
1 0.98125 0.8 0.034375 0.178125
1 0.4265625 0.36953125 0.040625 0.128125
1 0.81796875 0.5484375 0.0328125 0.146875
1 0.56171875 0.32890625 0.0328125 0.13046875
1 0.359375 0.40390625 0.040625 0.14140625
1 0.11640625 0.5109375 0.0484375 0.15
1 0.0203125 0.69609375 0.0375 0.153125
1 0.59375 0.5140625 0.05625 0.1390625