0 0.51015625 0.521875 0.0109375 0.01640625
1 0.12265625 0.7015625 0.0421875 0.15859375
1 0.759375 0.37109375 0.034375 0.13046875
1 0.7296875 0.6734375 0.046875 0.153125
1 0.509375 0.47890625 0.04375 0.13046875
1 0.5171875 0.31953125 0.0375 0.128125
1 0.3078125 0.5234375 0.065625 0.1359375
1 0.7875 0.64453125 0.05 0.14453125
1 0.4265625 0.503125 0.05625 0.09453125
1 0.9484375 0.7734375 0.05 0.18046875
1 0.409375 0.85703125 0.053125 0.16953125
1 0.3046875 0.3984375 0.0375 0.13046875
1 0.090625 0.503125 0.04375 0.14453125
1 0.35078125 0.38359375 0.0390625 0.13359375
1 0.809375 0.528125 0.034375 0.14453125