0 0.80234375 0.4390625 0.0078125 0.01640625
1 0.7984375 0.7375 0.05 0.16953125
1 0.40625 0.88046875 0.065625 0.171875
1 0.60390625 0.63203125 0.0484375 0.153125
1 0.1453125 0.6875 0.05 0.15859375
1 0.6234375 0.3234375 0.04375 0.125
1 0.4328125 0.46796875 0.046875 0.13046875
1 0.8140625 0.40390625 0.040625 0.125
1 0.50703125 0.52109375 0.0546875 0.125
1 0.72734375 0.46796875 0.0390625 0.146875
1 0.4296875 0.2390625 0.0375 0.11640625
1 0.24921875 0.365625 0.0421875 0.13046875
1 0.221875 0.484375 0.05 0.146875
1 0.15234375 0.3625 0.0390625 0.1359375
1 0.36875 0.28046875 0.034375 0.128125
1 0.309375 0.4375 0.046875 0.13046875