0 0.32421875 0.53359375 0.0109375 0.01640625
1 0.45625 0.6390625 0.05 0.15546875
1 0.9546875 0.77890625 0.0625 0.19140625
1 0.6234375 0.928125 0.05625 0.1390625
1 0.6 0.425 0.0375 0.121875
1 0.609375 0.53359375 0.040625 0.128125
1 0.734375 0.509375 0.0375 0.14140625
1 0.8796875 0.4125 0.04375 0.11953125
1 0.403125 0.484375 0.04375 0.125
1 0.23046875 0.30546875 0.0328125 0.121875
1 0.4484375 0.2265625 0.0375 0.11953125
1 0.8109375 0.38359375 0.0375 0.128125
1 0.6953125 0.25703125 0.03125 0.1140625
1 0.41796875 0.3234375 0.0328125 0.125