1 0.25078125 0.478125 0.0328125 0.128125
1 0.12578125 0.71796875 0.0453125 0.146875
1 0.32421875 0.52109375 0.0359375 0.11953125
1 0.8109375 0.3890625 0.034375 0.11640625
1 0.6765625 0.42109375 0.034375 0.1140625
1 0.13125 0.575 0.034375 0.13359375
1 0.06875 0.69296875 0.040625 0.146875
1 0.74921875 0.75703125 0.0390625 0.153125
1 0.60234375 0.5625 0.0328125 0.1359375
1 0.0453125 0.8890625 0.040625 0.171875
1 0.60390625 0.40390625 0.0328125 0.1140625
1 0.47734375 0.63046875 0.0328125 0.121875
1 0.42734375 0.35390625 0.0296875 0.103125