1 0.18359375 0.8984375 0.0484375 0.18046875
1 0.38359375 0.725 0.0421875 0.15546875
1 0.2796875 0.5734375 0.0375 0.146875
1 0.24609375 0.675 0.0390625 0.14453125
1 0.67421875 0.63203125 0.0421875 0.14140625
1 0.88125 0.53203125 0.0375 0.1359375
1 0.478125 0.3984375 0.04375 0.1140625
1 0.6375 0.4390625 0.0375 0.11640625
1 0.375 0.46796875 0.0375 0.125
1 0.69609375 0.371875 0.0421875 0.1
1 0.4078125 0.49140625 0.04375 0.121875
1 0.9515625 0.7734375 0.04375 0.1640625
1 0.61015625 0.3390625 0.0296875 0.10546875
1 0.77578125 0.471875 0.0390625 0.128125