0 0.67734375 0.45546875 0.0078125 0.01640625
0 0.48984375 0.58203125 0.0078125 0.01953125
1 0.7109375 0.59296875 0.05625 0.125
1 0.41484375 0.715625 0.0484375 0.13046875
1 0.11875 0.80546875 0.040625 0.14453125
1 0.68671875 0.4234375 0.0359375 0.103125
1 0.50546875 0.553125 0.0484375 0.11640625
1 0.60234375 0.46953125 0.0390625 0.11640625
1 0.2671875 0.54296875 0.046875 0.1140625
1 0.1953125 0.7609375 0.040625 0.15
1 0.60703125 0.7375 0.0546875 0.11953125
1 0.28203125 0.47109375 0.0359375 0.103125
1 0.60625 0.6484375 0.040625 0.103125