0 0.47109375 0.384375 0.0078125 0.0140625
1 0.69296875 0.7140625 0.0515625 0.128125
1 0.0734375 0.67890625 0.040625 0.146875
1 0.375 0.50546875 0.034375 0.11640625
1 0.5921875 0.378125 0.03125 0.10546875
1 0.52578125 0.590625 0.0421875 0.11953125
1 0.4796875 0.54140625 0.034375 0.1109375
1 0.45625 0.3015625 0.034375 0.09140625
1 0.55234375 0.68359375 0.0421875 0.1390625
1 0.59375 0.64453125 0.05 0.0890625
1 0.76640625 0.56640625 0.0359375 0.13359375
1 0.74296875 0.6234375 0.0359375 0.125
1 0.5 0.7140625 0.034375 0.1390625