0 0.4671875 0.34609375 0.009375 0.0140625
0 0.54609375 0.5734375 0.0078125 0.01953125
1 0.0984375 0.6734375 0.053125 0.146875
1 0.58671875 0.36640625 0.0421875 0.10546875
1 0.38828125 0.46953125 0.0359375 0.11640625
1 0.79609375 0.559375 0.0390625 0.15859375
1 0.640625 0.640625 0.0375 0.13046875
1 0.790625 0.6875 0.040625 0.14140625
1 0.58515625 0.64140625 0.0421875 0.128125
1 0.69140625 0.925 0.0390625 0.14453125
1 0.55859375 0.54609375 0.0421875 0.11953125
1 0.5234375 0.7 0.040625 0.13359375
1 0.521875 0.5 0.034375 0.10546875
1 0.45546875 0.31953125 0.0359375 0.09453125