0 0.4203125 0.340625 0.00625 0.0140625
0 0.4515625 0.72109375 0.009375 0.0140625
1 0.62734375 0.61953125 0.0453125 0.1390625
1 0.625 0.87890625 0.046875 0.1640625
1 0.45 0.67109375 0.0375 0.1359375
1 0.7625 0.63046875 0.040625 0.1390625
1 0.0234375 0.675 0.046875 0.15546875
1 0.52578125 0.48359375 0.0390625 0.1109375
1 0.53125 0.6 0.0375 0.128125
1 0.475 0.45390625 0.03125 0.103125
1 0.7375 0.52890625 0.046875 0.153125
1 0.52578125 0.35859375 0.0328125 0.09453125
1 0.3390625 0.93359375 0.05 0.128125
1 0.31328125 0.42109375 0.0296875 0.103125