0 0.6203125 0.58359375 0.00625 0.01640625
1 0.88359375 0.540625 0.0328125 0.10859375
1 0.62890625 0.56640625 0.0328125 0.1
1 0.58046875 0.47890625 0.0296875 0.096875
1 0.3390625 0.37109375 0.034375 0.09140625
1 0.7921875 0.371875 0.034375 0.0890625
1 0.178125 0.55546875 0.040625 0.1109375
1 0.65859375 0.51953125 0.0296875 0.1
1 0.5265625 0.38359375 0.03125 0.09453125
1 0.7171875 0.44140625 0.028125 0.1
1 0.453125 0.4015625 0.03125 0.09140625
1 0.8359375 0.4375 0.03125 0.103125
1 0.20390625 0.4265625 0.0296875 0.103125