1 0.82578125 0.540625 0.0359375 0.11953125
1 0.6078125 0.44453125 0.040625 0.10546875
1 0.734375 0.4359375 0.034375 0.1109375
1 0.5328125 0.56953125 0.034375 0.1109375
1 0.17265625 0.37109375 0.0328125 0.096875
1 0.44765625 0.471875 0.0328125 0.10546875
1 0.4046875 0.36953125 0.028125 0.10546875
1 0.29765625 0.384375 0.0296875 0.10859375
1 0.34921875 0.39609375 0.0328125 0.103125
1 0.65390625 0.346875 0.0328125 0.09453125
1 0.72734375 0.35546875 0.0296875 0.1
1 0.528125 0.43359375 0.028125 0.1109375