0 0.64375 0.365625 0.009375 0.0140625
0 0.31875 0.565625 0.009375 0.01953125
1 0.1375 0.765625 0.04375 0.1640625
1 0.8859375 0.55 0.059375 0.1390625
1 0.13671875 0.75 0.0359375 0.0890625
1 0.92734375 0.84609375 0.0359375 0.0640625
1 0.4625 0.36796875 0.034375 0.1140625
1 0.840625 0.5640625 0.05 0.128125
1 0.590625 0.44296875 0.040625 0.11953125
1 0.3078125 0.54296875 0.040625 0.13046875
1 0.65 0.471875 0.040625 0.121875
1 0.35859375 0.6640625 0.0421875 0.13359375
1 0.83828125 0.3625 0.0328125 0.10859375
1 0.9328125 0.87890625 0.075 0.175