1 0.85390625 0.8859375 0.0421875 0.16640625
1 0.9375 0.4984375 0.040625 0.1140625
1 0.85703125 0.86953125 0.0328125 0.0890625
1 0.6109375 0.47109375 0.03125 0.10859375
1 0.62265625 0.65703125 0.0328125 0.11953125
1 0.046875 0.609375 0.034375 0.13046875
1 0.56875 0.6265625 0.0375 0.125
1 0.41796875 0.55859375 0.0328125 0.1109375
1 0.78984375 0.4 0.0296875 0.0890625
1 0.1265625 0.409375 0.0375 0.096875
1 0.30078125 0.54609375 0.0328125 0.10859375
1 0.5734375 0.45703125 0.028125 0.103125
1 0.09921875 0.671875 0.0296875 0.13359375
1 0.47109375 0.45 0.0296875 0.1
1 0.6453125 0.38359375 0.028125 0.08359375