0 0.48203125 0.4140625 0.0078125 0.0109375
1 0.90625 0.91640625 0.040625 0.1609375
1 0.60859375 0.61796875 0.0359375 0.1140625
1 0.4390625 0.53046875 0.034375 0.11640625
1 0.56484375 0.59296875 0.0328125 0.1140625
1 0.0328125 0.8515625 0.040625 0.14140625
1 0.05234375 0.7 0.0359375 0.13359375
1 0.61171875 0.43203125 0.0328125 0.103125
1 0.42109375 0.39140625 0.0390625 0.09453125
1 0.721875 0.3875 0.03125 0.09140625
1 0.82578125 0.40546875 0.0390625 0.1
1 0.13359375 0.6859375 0.0359375 0.13359375
1 0.11796875 0.59609375 0.0328125 0.125
1 0.378125 0.5109375 0.03125 0.1109375
1 0.35546875 0.3859375 0.0359375 0.09453125