0 0.57578125 0.36640625 0.0078125 0.0109375
1 0.64375 0.44453125 0.04375 0.1109375
1 0.16640625 0.590625 0.0390625 0.1140625
1 0.4703125 0.53203125 0.034375 0.1140625
1 0.8796875 0.41953125 0.0375 0.10546875
1 0.63828125 0.63046875 0.0359375 0.11640625
1 0.03828125 0.784375 0.0421875 0.146875
1 0.0796875 0.86640625 0.04375 0.15
1 0.60234375 0.603125 0.0328125 0.11640625
1 0.73203125 0.39453125 0.0328125 0.0890625
1 0.1078125 0.7234375 0.05 0.13046875
1 0.4015625 0.521875 0.034375 0.1
1 0.51328125 0.434375 0.0328125 0.09140625