0 0.64140625 0.36796875 0.0078125 0.0140625
1 0.17109375 0.53359375 0.0421875 0.1109375
1 0.48515625 0.51953125 0.0390625 0.11640625
1 0.07421875 0.740625 0.0484375 0.14140625
1 0.3296875 0.44609375 0.04375 0.103125
1 0.0984375 0.8484375 0.05 0.1640625
1 0.37890625 0.5125 0.0421875 0.10859375
1 0.671875 0.6265625 0.040625 0.13046875
1 0.4921875 0.41640625 0.034375 0.1
1 0.725 0.44453125 0.034375 0.128125
1 0.96484375 0.425 0.0421875 0.1109375
1 0.1265625 0.67109375 0.040625 0.1359375
1 0.54453125 0.384375 0.0359375 0.096875