0 0.31015625 0.49140625 0.0109375 0.01640625
0 0.0390625 0.50703125 0.009375 0.01953125
1 0.44296875 0.42109375 0.0515625 0.125
1 0.51953125 0.89296875 0.0453125 0.16953125
1 0.2640625 0.61953125 0.046875 0.1390625
1 0.315625 0.54453125 0.046875 0.13359375
1 0.940625 0.42109375 0.0375 0.11953125
1 0.51796875 0.86796875 0.0359375 0.06953125
1 0.70703125 0.409375 0.0390625 0.125
1 0.05625 0.46640625 0.053125 0.121875
1 0.3453125 0.50859375 0.046875 0.11640625
1 0.77578125 0.47890625 0.0390625 0.125
1 0.7546875 0.3859375 0.03125 0.09453125