0 0.66640625 0.334375 0.0078125 0.0140625
1 0.52265625 0.74140625 0.0546875 0.1609375
1 0.55078125 0.5125 0.0421875 0.146875
1 0.321875 0.49140625 0.04375 0.128125
1 0.1453125 0.5390625 0.0375 0.14453125
1 0.8796875 0.6625 0.040625 0.146875
1 0.40859375 0.4140625 0.0328125 0.13359375
1 0.39609375 0.52890625 0.0359375 0.14140625
1 0.709375 0.4265625 0.034375 0.125
1 0.52890625 0.3625 0.0328125 0.1140625
1 0.4859375 0.4484375 0.034375 0.1359375
1 0.73359375 0.51796875 0.0609375 0.1359375
1 0.221875 0.38359375 0.034375 0.128125