0 0.79296875 0.34296875 0.0078125 0.0140625
0 0.0625 0.534375 0.021875 0.0359375
1 0.359375 0.74453125 0.05 0.15
1 0.8203125 0.52890625 0.0375 0.13046875
1 0.55390625 0.6484375 0.0515625 0.14140625
1 0.5203125 0.4890625 0.034375 0.128125
1 0.68828125 0.38203125 0.0328125 0.1140625
1 0.22109375 0.525 0.0390625 0.14453125
1 0.17265625 0.459375 0.0296875 0.13046875
1 0.028125 0.540625 0.046875 0.1859375
1 0.30859375 0.34140625 0.0359375 0.1109375
1 0.06328125 0.43359375 0.0328125 0.13359375
1 0.38359375 0.3640625 0.0328125 0.10546875