0 0.503125 0.4140625 0.00625 0.0109375
1 0.79296875 0.628125 0.0359375 0.11640625
1 0.496875 0.4015625 0.0375 0.125
1 0.30625 0.37109375 0.03125 0.096875
1 0.390625 0.378125 0.034375 0.13359375
1 0.746875 0.246875 0.034375 0.0890625
1 0.87265625 0.15703125 0.0328125 0.0859375
1 0.53046875 0.2765625 0.0296875 0.09140625
1 0.45625 0.26953125 0.034375 0.08359375
1 0.95234375 0.3234375 0.0328125 0.096875
1 0.59140625 0.3359375 0.0328125 0.09453125
1 0.66875 0.3625 0.03125 0.096875
1 0.6453125 0.2375 0.028125 0.096875