0 0.490625 0.52109375 0.009375 0.01953125
1 0.43203125 0.5890625 0.0484375 0.15
1 0.24375 0.54140625 0.05 0.1390625
1 0.2 0.4859375 0.04375 0.1390625
1 0.59609375 0.43203125 0.0484375 0.146875
1 0.83984375 0.521875 0.0421875 0.11640625
1 0.66796875 0.3984375 0.0359375 0.13046875
1 0.4640625 0.4765625 0.0375 0.1359375
1 0.69921875 0.43359375 0.0359375 0.13359375
1 0.52890625 0.47109375 0.0359375 0.13046875
1 0.68046875 0.659375 0.0421875 0.16953125
1 0.2390625 0.41953125 0.046875 0.15
1 0.38984375 0.55703125 0.0390625 0.146875