0 0.45 0.4125 0.009375 0.01953125
0 0.3109375 0.43359375 0.025 0.04453125
1 0.64296875 0.453125 0.0390625 0.15546875
1 0.6015625 0.5234375 0.040625 0.14140625
1 0.27734375 0.5234375 0.0390625 0.153125
1 0.36015625 0.6140625 0.0515625 0.15
1 0.89453125 0.60390625 0.0390625 0.15859375
1 0.715625 0.69140625 0.0375 0.171875
1 0.56640625 0.46953125 0.0421875 0.15
1 0.73671875 0.4875 0.0390625 0.14140625
1 0.22109375 0.41796875 0.0421875 0.146875
1 0.71171875 0.425 0.0359375 0.128125
1 0.38984375 0.409375 0.0390625 0.146875