1 0.56484375 0.5125 0.0453125 0.153125
1 0.753125 0.546875 0.04375 0.15
1 0.88984375 0.678125 0.0453125 0.16640625
1 0.66328125 0.59453125 0.0421875 0.15546875
1 0.66640625 0.465625 0.0421875 0.146875
1 0.75625 0.4609375 0.046875 0.13359375
1 0.33671875 0.5765625 0.0484375 0.15859375
1 0.2953125 0.64609375 0.04375 0.153125
1 0.740625 0.703125 0.034375 0.16640625
1 0.46875 0.6109375 0.040625 0.15
1 0.49375 0.50859375 0.04375 0.14453125
1 0.2265625 0.428125 0.05625 0.14453125
1 0.34765625 0.421875 0.0390625 0.10546875