0 0.3828125 0.640625 0.03125 0.04140625
1 0.640625 0.4609375 0.040625 0.14453125
1 0.6890625 0.64453125 0.0375 0.1609375
1 0.76328125 0.47890625 0.0453125 0.1359375
1 0.746875 0.69453125 0.046875 0.1609375
1 0.49765625 0.428125 0.0359375 0.14453125
1 0.83828125 0.725 0.0390625 0.1609375
1 0.71640625 0.5625 0.0390625 0.146875
1 0.97734375 0.7359375 0.0421875 0.18359375
1 0.240625 0.425 0.05 0.13359375
1 0.38125 0.49140625 0.04375 0.1390625
1 0.475 0.60390625 0.05 0.14140625
1 0.2734375 0.609375 0.05 0.153125