0 0.409375 0.72890625 0.0125 0.01953125
1 0.93671875 0.74453125 0.0578125 0.18359375
1 0.51875 0.6984375 0.071875 0.146875
1 0.6796875 0.478125 0.0375 0.13359375
1 0.61328125 0.428125 0.0359375 0.14453125
1 0.715625 0.55546875 0.040625 0.1390625
1 0.90390625 0.30859375 0.0453125 0.11640625
1 0.471875 0.48359375 0.05625 0.178125
1 0.63046875 0.79609375 0.0453125 0.16953125
1 0.7015625 0.65703125 0.034375 0.1640625
1 0.30625 0.51640625 0.0375 0.14453125
1 0.36015625 0.66640625 0.0484375 0.1609375
1 0.4125 0.47109375 0.0375 0.13046875
1 0.26171875 0.378125 0.0453125 0.14453125