0 0.1890625 0.78046875 0.0125 0.021875
0 0.5984375 0.540625 0.01875 0.03046875
1 0.5140625 0.553125 0.046875 0.14453125
1 0.78828125 0.46640625 0.0453125 0.13359375
1 0.8921875 0.54453125 0.03125 0.15
1 0.42890625 0.575 0.0484375 0.14453125
1 0.5796875 0.54609375 0.040625 0.15859375
1 0.7109375 0.7140625 0.053125 0.15
1 0.4359375 0.71796875 0.059375 0.1359375
1 0.80546875 0.6015625 0.0421875 0.153125
1 0.68515625 0.4734375 0.0359375 0.1359375
1 0.2046875 0.728125 0.04375 0.16640625
1 0.475 0.3359375 0.046875 0.128125