0 0.19609375 0.76953125 0.0109375 0.021875
0 0.709375 0.5140625 0.01875 0.028125
0 0.15390625 0.746875 0.0109375 0.028125
1 0.77578125 0.76796875 0.0515625 0.18046875
1 0.17578125 0.709375 0.0640625 0.15859375
1 0.328125 0.69140625 0.046875 0.1390625
1 0.5171875 0.55390625 0.0375 0.14140625
1 0.2328125 0.675 0.05625 0.13359375
1 0.453125 0.5234375 0.0375 0.1359375
1 0.70390625 0.403125 0.0359375 0.128125
1 0.69765625 0.65703125 0.0421875 0.125
1 0.59921875 0.509375 0.0328125 0.14140625
1 0.6734375 0.521875 0.04375 0.15
1 0.8640625 0.571875 0.034375 0.15
1 0.85703125 0.45 0.0421875 0.128125