0 0.25 0.60390625 0.009375 0.0140625
1 0.5375 0.590625 0.03125 0.14140625
1 0.60078125 0.71640625 0.0359375 0.128125
1 0.8390625 0.81953125 0.040625 0.14453125
1 0.465625 0.45546875 0.03125 0.11640625
1 0.38984375 0.55 0.0359375 0.121875
1 0.8484375 0.61953125 0.04375 0.11640625
1 0.7890625 0.440625 0.034375 0.10859375
1 0.65625 0.415625 0.034375 0.103125
1 0.62265625 0.4359375 0.0328125 0.10546875
1 0.83359375 0.44609375 0.0359375 0.103125
1 0.2015625 0.60390625 0.034375 0.1359375
1 0.4328125 0.421875 0.028125 0.1109375