0 0.61875 0.60390625 0.009375 0.0140625
0 0.8484375 0.42890625 0.009375 0.0140625
0 0.8484375 0.5859375 0.009375 0.01640625
0 0.8171875 0.34609375 0.009375 0.00859375
0 0.58984375 0.403125 0.0078125 0.0109375
1 0.46796875 0.8015625 0.0765625 0.146875
1 0.90859375 0.709375 0.0515625 0.1359375
1 0.35859375 0.56953125 0.0421875 0.121875
1 0.43203125 0.44609375 0.0390625 0.10859375
1 0.59375 0.63359375 0.05 0.121875
1 0.596875 0.4625 0.04375 0.1140625
1 0.825 0.76796875 0.0625 0.14140625
1 0.63671875 0.56640625 0.0515625 0.1109375
1 0.8375 0.5734375 0.04375 0.11953125
1 0.83984375 0.4125 0.0359375 0.10859375
1 0.7359375 0.3859375 0.0375 0.09453125